% -------------------------------------------------------------------
%  Generated by MATLAB on 24-Jul-2017 02:36:02
%  MATLAB version: 9.1.0.441655 (R2016b)
% -------------------------------------------------------------------
                                  

x1 = ...
  [348.152619 0.377138;
   312.329795 0.35406;
   283.170526 0.333627;
   259.600888 0.315312;
   232.166871 0.294894;
   204.983386 0.270338;
   181.439904 0.248918;
   155.110326 0.225405;
   149.771226 0.219149;
   133.925988 0.205558;
   113.991996 0.190897];