% -------------------------------------------------------------------
%  Generated by MATLAB on 30-Jul-2017 20:58:03
%  MATLAB version: 9.1.0.441655 (R2016b)
% -------------------------------------------------------------------
                                        

C1x = [0.788483; 2.269108; 4.497677; 5.800925; 6.830663; 8.150016; 9.60541; ...
       11.085027; 12.500513; 13.955444];

C1y = [0.039277; 0.119102; 0.227093; 0.287202; 0.335047; 0.396387; 0.442845; ...
       0.493004; 0.546893; 0.579754];

C2x = [0.145059; 0.833481; 2.314147; 4.05146; 5.989106; 8.119589; 9.71341; ...
       11.275514; 12.685773; 13.911882];

C2y = [0.997494; 0.928877; 0.766719; 0.608252; 0.442276; 0.299928; 0.1913; ...
       0.103848; 0.046311; 0.004997];

C3x = [0.064262; 1.134403; 2.703323; 4.223833; 5.840973; 7.256534; 8.808781; ...
       10.063071; 11.405765; 12.651609; 13.99383 ; 22];

   %Fake point added at the end to make a better extrapolation
C3y = [-0.001256; 0.048027; 0.117005; 0.17856; 0.247525; 0.290521; 0.335958; ...
       0.35793; 0.379879; 0.385744; 0.389105 ; 0.4];

C4x = [0.465596; 1.236239; 2.552752; 3.997706; 5.402523; 6.759174; 8.549312; ...
       10.026376; 11.856651; 13.044725; 13.991972];
   %
   
C4y = [0.038605; 0.105853; 0.205479; 0.298879; 0.383562; 0.449564; 0.515567; ...
       0.569116; 0.610212; 0.645081; 0.663761];

f0x = [-0.002545; 0.061443; 0.126658; 0.201009; 0.271109; 0.32415; 0.378406; ...
       0.439369; 0.488148; 0.534496; 0.5961; 0.657098; 0.718099; 0.770583; ...
       0.824293; 0.873135; 0.914058; 0.94216; 0.962346; 0.97826; 0.989912; ...
       0.997285; 1.002815];

f0y = [1.553105; 1.550471; 1.542214; 1.536796; 1.520112; 1.500566; 1.483837; ...
       1.464313; 1.441941; 1.413936; 1.369091; 1.321431; 1.270958; 1.209206; ...
       1.141831; 1.068814; 0.992962; 0.936769; 0.874926; 0.818699; 0.759646; ...
       0.711835; 0.675274];

f30x = [-0.003891; 0.041062; 0.07441; 0.122266; 0.167688; 0.230095; 0.280441; ...
        0.333831; 0.378742; 0.418896; 0.462135; 0.512111; 0.574357; 0.663424; ...
        0.72588; 0.780424; 0.830281; 0.86358; 0.900047; 0.938565; 0.967841; ...
        0.99846];

f30y = [1.270267; 1.287635; 1.313303; 1.358808; 1.404286; 1.461196; 1.495487; ...
        1.529812; 1.55561; 1.558872; 1.553738; 1.540247; 1.507222; 1.466067; ...
        1.390888; 1.315619; 1.203763; 1.117014; 1.005007; 0.848057; 0.713486; ...
        0.553636];

