% -------------------------------------------------------------------
%  Generated by MATLAB on 10-Aug-2017 06:18:37
%  MATLAB version: 9.1.0.441655 (R2016b)
% -------------------------------------------------------------------
                                 

generalizedProfileDrag = ...
  [-0.00047934054777094322 -0.0010733357228486355;
   0.033198825972929856 0.021492198469085854;
   0.060141870232595977 0.039878677665918773;
   0.097188236687695953 0.064951304159510712;
   0.13634308182217525 0.093783078563197717;
   0.16960261886563319 0.1176010942328244;
   0.20075559364135728 0.13891265640467568;
   0.22685690731936448 0.15688114492814748;
   0.19991003023640727 0.13598927690667539;
   0.23401257546928775 0.16106041285787634;
   0.26474755957165086 0.18404202131152639;
   0.29000842027576296 0.20242764876985017;
   0.31863364809098316 0.22081497970519204;
   0.34263287112842966 0.23919996835963395;
   0.37168439406747511 0.26134559546656178;
   0.38052224577295235 0.26552571513479994;
   0.41293941343086954 0.28850817532695916;
   0.44956970562425397 0.31650354251466933;
   0.4731509379883394 0.33655857745090989;
   0.50052027737183069 0.35870335281932864;
   0.52789025555920388 0.38126569299185387;
   0.55020282341392357 0.396726876279041;
   0.570410745412555 0.41093430048077217;
   0.5834700261039637 0.42555566959794594;
   0.60831864536965141 0.449369426575027;
   0.63990366450413771 0.4781973681554228;
   0.67148996124638749 0.50786043934403158;
   0.69634688496253927 0.53710253877449743;
   0.71952098631925521 0.56592622166234752;
   0.73722160308160212 0.59057148835897777;
   0.71404175248994939 0.55798972223416921;
   0.72963197416127135 0.57762314660838465;
   0.74437727123152531 0.59475075628870688;
   0.759127039928952 0.6148013195977744;
   0.77345690154137225 0.63526923477632125;
   0.787371327695959 0.65907745545309282;
   0.80170566093555218 0.68246832426038539;
   0.8130865908946977 0.69959423046368907;
   0.82574448981367365 0.72674233076943107;
   0.84217963608606383 0.74888156983754028;
   0.8514686962667587 0.77310501303751833;
   0.86073859233099792 0.784801512114301;
   0.8523110656522993 0.77394056851498594;
   0.86706913880019043 0.79941947427743809;
   0.87888594594138914 0.82656714871392556;
   0.89195608629878942 0.84828711950091;
   0.90293435687773871 0.87710462728456884;
   0.9134837771173353 0.90049357968021571;
   0.92319593840244585 0.92638749503124707;
   0.93417804180468633 0.95771039163954519;
   0.94515056314869894 0.982769816186245;
   0.9426189833649038 0.97734019612509671;
   0.94641922765806508 0.9873636678352985;
   0.94938221299674019 0.99989210250088489;
   0.948969332754434 1.0049026672155361];

