% -------------------------------------------------------------------
%  Generated by MATLAB on 4-Aug-2017 14:58:07
%  MATLAB version: 9.1.0.441655 (R2016b)
% -------------------------------------------------------------------
                                                       

f_00deg = ...
  [0.00084721430527614052 1.2720632584678426;
   0.046102926617296779 1.2702843882642079;
   0.10141546388754406 1.2605284761787463;
   0.1687961911076637 1.2528403106547759;
   0.22511441087373368 1.2350617446309851;
   0.28746672561473996 1.2173135866448634;
   0.33272243792676059 1.1994792725520129;
   0.38099519772624918 1.1736324405333889;
   0.43127932251738316 1.1518096054996254;
   0.4795520823168718 1.1199419820225456;
   0.53285325459547384 1.0760581156599447;
   0.58112601439496248 1.0381697007244091;
   0.61733058424457876 1.0022274001996874;
   0.66057493156495417 0.95227206231584915;
   0.70784200886862036 0.89631620499866793;
   0.75108635618899533 0.84034007565637348;
   0.79533638600519319 0.77032050091729376;
   0.836569368333923 0.70229265264553131;
   0.8607057482336673 0.64019943972549642;
   0.89087622310834758 0.57211584338467425;
   0.92506942796631864 0.479969353235141;
   0.95222285535353135 0.4098636223893326;
   0.97032514027833927 0.32164990511165303;
   0.98440469521985707 0.22940205483655651;
   1.0004956151530198 0.11508810522634527];

f_30deg = ...
  [0.00052657842570271731 0.89135679396175349;
   0.027834653323378228 0.90555782526033246;
   0.070118124132682313 0.939171519850154;
   0.10447344416524186 0.97977696945568749;
   0.14323329240710386 1.0309521769611629;
   0.17406498987222141 1.0715398697285612;
   0.22075298889082795 1.1297867380213564;
   0.25863193149082953 1.1774416523665407;
   0.319414420779204 1.2269699131349825;
   0.3828396269931601 1.2606901487536144;
   0.43833668243037155 1.2732753077818957;
   0.49119102094200157 1.2629940985016488;
   0.53611720867688706 1.240367447507946;
   0.5819243020536331 1.2071976738715031;
   0.62596958414665815 1.1687452408898555;
   0.66472943238852034 1.1267503187002474;
   0.70172746934666119 1.0829885911161932;
   0.72991644988619719 1.0391824714368005;
   0.7607481473513148 0.98308418055835722;
   0.7871753166071298 0.9252057666568656;
   0.81007886329550283 0.86027788801572291;
   0.83738693819317833 0.78130878961921812;
   0.86293320180713284 0.68475154304985653;
   0.87878950336062189 0.61275644283092756;
   0.89816942748155293 0.5126522678440717;
   0.91578754031876286 0.43539226511807416;
   0.931643841872252 0.35284960304687218;
   0.9486389778733243 0.25895368845104816;
   0.96615824365812386 0.15665536509950029;
   0.97992338106046639 0.049343654553741678;
   0.9924371423353231 -0.023013080875653902];

f_45deg = ...
  [0.0017036132629874925 0.63854697617864;
   0.031774335452928279 0.68670559293184019;
   0.071868631706182712 0.76091855678101372;
   0.10995821314677445 0.84112230303728741;
   0.14905015199369751 0.929332280419408;
   0.19315387787227736 1.0155672190821554;
   0.2442741055951767 1.1098386963702798;
   0.2903825462864193 1.1760807878430584;
   0.35854284991695179 1.2484348917210573;
   0.41367250726517663 1.2927191997843368;
   0.47180923683239551 1.3050139420936813;
   0.53195068121227718 1.3013164271510187;
   0.60011098484280967 1.2756560775489356;
   0.65824771441002838 1.2179404959439364;
   0.70134908288227693 1.1541482606831679;
   0.7464551661671881 1.07036317823243;
   0.79757539389008769 0.95660397874650349;
   0.84468619198766171 0.82482191954005879;
   0.8737545567712709 0.6929489378350242;
   0.901820564148549 0.5790735596008989;
   0.92387242708783868 0.45716669399131904;
   0.94191486040180317 0.35524257307186513;
   0.95995729371576777 0.2413166823385231;
   0.97499265481073838 0.12137475294847311;
   0.99203273071837128 0.015444990841134709];

f_60deg = ...
  [-0.00037785192221623671 0.53467552230703719;
   0.02597655046980531 0.57049616516229884;
   0.062684468087263884 0.63642189543842154;
   0.09939238570472253 0.70986085377105046;
   0.13704153197903893 0.79645270440209548;
   0.17280822093963957 0.89242660370471238;
   0.21422228184138767 0.96964589206324736;
   0.2584600287137096 1.0637841731475128;
   0.31022760484089468 1.1429339437150114;
   0.36764255290922726 1.227747094522073;
   0.42599872963441776 1.2881469973450208;
   0.48435490635960826 1.3203722949560703;
   0.53706371114365137 1.3281511421862915;
   0.58694882995712072 1.3096194616201491;
   0.64248132071173758 1.2798463981664312;
   0.688601524897775 1.2256079115337626;
   0.732839271770097 1.1638467104455261;
   0.77425333267184515 1.0851665166315592;
   0.81378493625987758 0.9820588452348864;
   0.84390425327933083 0.88453866288528671;
   0.8674349697007786 0.802011734251985;
   0.88437708552422056 0.71945160322196888;
   0.89755428672023152 0.66129049057747524;
   0.91732008851424773 0.56183982601891214;
   0.93802711896512181 0.43421929944798188;
   0.95214554881799018 0.34601001777699425;
   0.96532275001400114 0.25403937887822314;
   0.97473503658258032 0.18646775836497453;
   0.98038240852372782 0.092580866855831778;
   0.99261838106288047 0.00811871281403631];

