% -------------------------------------------------------------------
%  Generated by MATLAB on 18-Aug-2017 04:22:11
%  MATLAB version: 9.1.0.441655 (R2016b)
% -------------------------------------------------------------------
                                 

NACA63A210e = ...  
    [0 0;
   0.00205 0.01317;
   0.00418 0.01634;
   0.00866 0.02159;
   0.0205 0.03129;
   0.04492 0.0456;
   0.06973 0.05667;
   0.09473 0.06578;
   0.14504 0.0801;
   0.19558 0.09066;
   0.24625 0.0983;
   0.297 0.10331;
   0.34778 0.10587;
   0.39857 0.10598;
   0.44932 0.10384;
   0.5 0.09974;
   0.55058 0.09393;
   0.60105 0.08665;
   0.65139 0.07809;
   0.70159 0.06847;
   0.75163 0.058;
   0.80153 0.04693;
   0.85127 0.03555;
   0.90089 0.02398;
   0.95042 0.01245;
   1 0];
%   [1 0.00021;
%    0.95026 0.00769;
%    0.9005 0.01519;
%    0.85072 0.02254;
%    0.80074 0.02974;
%    0.75061 0.03624;
%    0.70052 0.04227;
%    0.65041 0.04772;
%    0.60028 0.05245;
%    0.55012 0.05637;
% %    0.50012 0.05637;
%    0.49994 0.05943;
%    0.44975 0.06151;
%    0.39955 0.06247;
%    0.34935 0.06219;
%    0.29916 0.0606;
%    0.24898 0.05764;
%    0.19882 0.05328;
%    0.14869 0.04729;
%    0.09863 0.03917;
%    0.07364 0.034;
%    0.04869 0.02769;
%    0.02384 0.01944;
%    0.01151 0.01367;
%    0.00664 0.01058;
%    0.00423 0.00868;
%    0 0];
NACA63A210i = ...
     [ 0 0;
   0.00795 -0.01017;
   0.01082 -0.01214;
   0.01634 -0.01517;
   0.0295 -0.02013;
   0.05508 -0.02664;
   0.08027 -0.03123;
   0.10527 -0.03476;
   0.15496 -0.03972;
   0.20442 -0.0429;
   0.25375 -0.0446;
   0.303 -0.04499;
   0.35222 -0.04407;
   0.40143 -0.04172;
   0.45068 -0.03814;
   0.5 -0.03356;
   0.54942 -0.02823;
   0.59895 -0.02239;
   0.64861 -0.01629;
   0.69841 -0.01015;
   0.74837 -0.0043;
   0.79847 0.00083;
   0.84873 0.00483;
   0.89911 0.00704;
   0.94958 0.00651;
   1 0];

%    [0.00577 -0.00756;
%    0.00836 -0.009;
%    0.01349 -0.01125;
%    0.02616 -0.01522;
%    0.05131 -0.02047;
%    0.07636 -0.02428;
%    0.10137 -0.02725;
%    0.15131 -0.03167;
%    0.20118 -0.03468;
%    0.25102 -0.03662;
%    0.30084 -0.03764;
%    0.35065 -0.03771;
%    0.40045 -0.03689;
%    0.45025 -0.03523;
%    0.50006 -0.03283;
%    0.54988 -0.02985;
%    0.59972 -0.02641;
%    0.64959 -0.02262;
%    0.69948 -0.01861;
%    0.74939 -0.01464;
%    0.79926 -0.01104;
%    0.84928 -0.00812;
%    0.8995 -0.00539;
%    0.94974 -0.00279;
%    1 -0.00021];

