% -------------------------------------------------------------------
%  Generated by MATLAB on 16-Aug-2017 06:57:16
%  MATLAB version: 9.1.0.441655 (R2016b)
% -------------------------------------------------------------------
                                       

kdr_drmax = ...
  [14.863060595686417 0.67072920232797;
   16.5408795244468 0.71938626248794;
   18.701876692290949 0.79474339422987161;
   20.700725156391037 0.85753322336684212;
   22.934860415175386 0.912455261274159;
   25.563630139117997 0.96264666521427911;
   28.350347016899576 1.0112601537456041;
   30.897108711213477 1.0520245246024089;
   34.236874046870632 1.0959011546481592;
   37.891600012449032 1.1334785720954843;
   41.305903955681437 1.161635180977872;
   44.400578880209153 1.1803740935545113;
   46.780056643117234 1.1912825620117644];

rudderEstimationGraph = ...
  [0.0671461198002804 0.0611780518410014;
   0.073936587440344093 0.065250673344989;
   0.079701365590889833 0.069734914709634832;
   0.0854686638630315 0.07503714554227249;
   0.094532281182567138 0.083602933841557953;
   0.10174108900754476 0.090128473698856057;
   0.1110113562979415 0.09910273170680492;
   0.11678621493487074 0.1068589309434181;
   0.12421049315629493 0.11665590364735109;
   0.13184142134858021 0.12686134605994751;
   0.13782797019956228 0.13666199394120773;
   0.14360786907968323 0.14605417211380461;
   0.14877159822961472 0.15544792536239885;
   0.15310620737450595 0.16238981030834751;
   0.15703381688166465 0.17055972950694887;
   0.15972530674605059 0.17750581465555723];

rudderVolumeGraph = ...
  [-0.0077757570031650155 0.019801218763285958;
   -0.012830081723274607 0.022879682554679027;
   -0.019999055222258966 0.026764608625820797;
   -0.027007652699702411 0.030813548112806489;
   -0.0348297038121782 0.035185223676130209;
   -0.041997023950115744 0.038906892153620878;
   -0.050143133827767049 0.043277056072558967;
   -0.057143464499976405 0.046509707591289182;
   -0.066099721290566418 0.050876092399263093;
   -0.07358944683263266 0.054432991638717024;
   -0.080262412017572893 0.0573406396145307;
   -0.086614625159431261 0.060576314422032249;
   -0.091822712456894537 0.062837734422977021;
   -0.098824696490150729 0.066233643535358336;
   -0.10663682743634564 0.0696257735367755;
   -0.11282866455666307 0.073025461760120952;
   -0.11852614672398322 0.075611129481789455;
   -0.12520241863101708 0.078845292644905321;
   -0.13139094902924092 0.081918465680948585;
   -0.135783929330625 0.083693892011904233;
   -0.140018186971515 0.0857965893523549];

