% -------------------------------------------------------------------
%  Generated by MATLAB on 6-Aug-2017 01:12:15
%  MATLAB version: 9.1.0.441655 (R2016b)
% -------------------------------------------------------------------
                                      

Cd_Cn_M050_Re04 = ...
  [0.010272304423560554 -0.033096921190877454 0.5 4.4E+6;
   0.00982873887645867 0.081995696793580375 0.5 4.4E+6;
   0.0097488979572856044 0.19952323436228747 0.5 4.4E+6;
   0.0097078344008386681 0.25041123908502849 0.5 4.4E+6;
   0.00988549803210428 0.30615283238485941 0.5 4.4E+6;
   0.0096016582886123778 0.3533981307023028 0.5 4.4E+6;
   0.00975544878160102 0.41156226218340536 0.5 4.4E+6;
   0.0099810345504760117 0.46367043513017231 0.5 4.4E+6;
   0.010135352626630997 0.5254695346397118 0.5 4.4E+6;
   0.010167139512403087 0.57757151688498976 0.5 4.4E+6;
   0.010537195138328015 0.62362605281047823 0.5 4.4E+6;
   0.010545988191100378 0.68420885328442238 0.5 4.4E+6;
   0.01098889425924434 0.73147736673244834 0.5 4.4E+6;
   0.011361763662056421 0.79691839880959914 0.5 4.4E+6];

Cd_Cn_M050_Re07 = ...
  [0.0090942799742596645 -0.0086529547736278745 0.5 7.0E+6;
   0.008858046712006809 0.099220552343648349 0.5 7.0E+6;
   0.0088069963036385979 0.21191396437893195 0.5 7.0E+6;
   0.0088379977890173447 0.26279993853628569 0.5 7.0E+6;
   0.0088689409643922489 0.31610927645352849 0.5 7.0E+6;
   0.0088998647030992025 0.37022640229073378 0.5 7.0E+6;
   0.0089871256238565015 0.42675872848728913 0.5 7.0E+6;
   0.0090019558015016314 0.48007039880468549 0.5 7.0E+6;
   0.0092342239834928841 0.53698562735983724 0.5 7.0E+6;
   0.0092892880637925716 0.59231093647675614 0.5 7.0E+6;
   0.0095377761451873131 0.64478099907195829 0.5 7.0E+6;
   0.009810385131506838 0.69926703286683678 0.5 7.0E+6;
   0.010074937618961478 0.753754232861792 0.5 7.0E+6;
   0.010291102521556936 0.81026789985711634 0.5 7.0E+6];

Cd_Cn_M065_Re07 = ...
  [0.0095996362191114789 -0.050964804416974041 0.65 7.0E+6;
   0.0094333594490569571 0.075849560354945111 0.65 7.0E+6;
   0.00932600087584591 0.20412890125395311 0.65 7.0E+6;
   0.0093176252775406254 0.27658867614013438 0.65 7.0E+6;
   0.0096770309448438591 0.32356612901291326 0.65 7.0E+6;
   0.0095399031117044467 0.38575281275708673 0.65 7.0E+6;
   0.0096673401945296632 0.45086000483179134 0.65 7.0E+6;
   0.00971599289363118 0.51254514170716281 0.65 7.0E+6;
   0.0099310135139582013 0.5747091600345835 0.65 7.0E+6;
   0.01012760427097687 0.644218206034563 0.65 7.0E+6;
   0.010400409148485362 0.70050343200633358 0.65 7.0E+6;
   0.011193393512190054 0.76801573445475124 0.65 7.0E+6;
   0.012659363582957946 0.82275539615097781 0.65 7.0E+6;
   0.015263738428902428 0.90141166854794907 0.65 7.0E+6];

Cd_Cn_M065_Re30 = ...
  [0.0075104755449199615 -0.022200163721066257 0.65 3.0E+7;
   0.0074874700597624914 0.11214997223893897 0.65 3.0E+7;
   0.007478078129739444 0.24096076684494605 0.65 3.0E+7;
   0.0075238756470993109 0.36908281991592973 0.65 3.0E+7;
   0.0076367922603309589 0.4418067160479332 0.65 3.0E+7;
   0.0077629192397818923 0.49721815450411755 0.65 3.0E+7;
   0.0079585844485954016 0.5678701339522485 0.65 3.0E+7;
   0.0081122705762452785 0.62189839725958385 0.65 3.0E+7;
   0.0085446076782406 0.75143208587342547 0.65 3.0E+7;
   0.00965117151431475 0.81868399691725313 0.65 3.0E+7;
   0.010563422010290834 0.85475849500376155 0.65 3.0E+7;
   0.011503041918505794 0.88390952790762267 0.65 3.0E+7;
   0.013284828602449098 0.91796618405887609 0.65 3.0E+7;
   0.014900454019368469 0.93677565845958088 0.65 3.0E+7];

Cd_Cn_M076_Re04 = ...
  [0.014144859174454944 -0.14189474731181945 0.76 4.4E+6;
   0.011698403292159132 0.019838511892708133 0.76 4.4E+6;
   0.01109264063195003 0.17316313884264967 0.76 4.4E+6;
   0.011090151196360129 0.24560661535567418 0.76 4.4E+6;
   0.011063506278448133 0.31744582996553161 0.76 4.4E+6;
   0.011254021988433203 0.39291230774211794 0.76 4.4E+6;
   0.011433613736765796 0.476830275382364 0.76 4.4E+6;
   0.011912005959601225 0.54445544631550069 0.76 4.4E+6;
   0.012115037051250598 0.62354439397359018 0.76 4.4E+6;
   0.013151631210513659 0.72498962225908781 0.76 4.4E+6;
   0.01594377762123167 0.81138356672447853 0.76 4.4E+6;
   0.022113656170584226 0.86042746616505916 0.76 4.4E+6;
   0.027834151810459461 0.87927603379841834 0.76 4.4E+6;
   0.033686110110595871 0.890883327122178 0.76 4.4E+6];

Cd_Cn_M076_Re07 = ...
  [0.012269469368517669 -0.11550167765808017 0.76 7.0E+6;
   0.010652328328709042 0.036899661913888271 0.76 7.0E+6;
   0.01065232832870904 0.19008877935566526 0.76 7.0E+6;
   0.010274295358364167 0.26317766380142682 0.76 7.0E+6;
   0.01043180909600786 0.34006235738833379 0.76 7.0E+6;
   0.010578821917808647 0.41535517907156372 0.76 7.0E+6;
   0.010799341150509824 0.48641918572132137 0.76 7.0E+6;
   0.011103867709954304 0.56226717534572856 0.76 7.0E+6;
   0.011418895185241699 0.65772928598461011 0.76 7.0E+6;
   0.012910025234935365 0.73959710342031937 0.76 7.0E+6;
   0.016343824715567966 0.82707517111313889 0.76 7.0E+6;
   0.021111240508250542 0.88826245978602392 0.76 7.0E+6;
   0.027065259791182298 0.90352309353908933 0.76 7.0E+6;
   0.03266224793545501 0.90547517614160078 0.76 7.0E+6];

Cd_Cn_M076_Re10 = ...
  [0.011471745280163169 -0.096681489899737016 0.76 1.0E+7;
   0.0098606438233964713 0.061924672708675077 0.76 1.0E+7;
   0.0095470474027582568 0.21641882369390619 0.76 1.0E+7;
   0.0096125039143109374 0.29043503291116513 0.76 1.0E+7;
   0.0095729264194863786 0.3621015212008919 0.76 1.0E+7;
   0.0097902756052830938 0.43670516065003384 0.76 1.0E+7;
   0.0099261496988341871 0.50602192801222845 0.76 1.0E+7;
   0.010317950854334644 0.59413646279467969 0.76 1.0E+7;
   0.010780058523092186 0.67931384641771586 0.76 1.0E+7;
   0.012796560885685707 0.763903799808869 0.76 1.0E+7;
   0.0173141708702337 0.84673146250437281 0.76 1.0E+7;
   0.021938221731882354 0.90958649731585461 0.76 1.0E+7;
   0.027570529945313386 0.92192253218539777 0.76 1.0E+7;
   0.032876789698106833 0.91546079963468474 0.76 1.0E+7];

Cd_Cn_M076_Re15 = ...
  [0.01073473625605359 -0.08574763229051513 0.76 1.5E+7;
   0.0094575553993248747 0.065830537976274528 0.76 1.5E+7;
   0.0091356080850939249 0.22386264146424684 0.76 1.5E+7;
   0.0090890530767585385 0.300005829706647 0.76 1.5E+7;
   0.0091888557891202545 0.37519764133875333 0.76 1.5E+7;
   0.0093583330634281255 0.44431460108628784 0.76 1.5E+7;
   0.0096434411652087382 0.53167485015824156 0.76 1.5E+7;
   0.009997819769371287 0.60592152973695546 0.76 1.5E+7;
   0.010868781179848349 0.69683493168588673 0.76 1.5E+7;
   0.012204150287093141 0.78265608114504837 0.76 1.5E+7;
   0.015619070713883413 0.83276387503053362 0.76 1.5E+7;
   0.017689159693088673 0.85399940909142147 0.76 1.5E+7;
   0.022295508517274413 0.92209262883397936 0.76 1.5E+7;
   0.031139975664968213 0.96451520980804883 0.76 1.5E+7];

Cd_Cn_M076_Re30 = ...
  [0.010418980928848236 -0.06474476327616796 0.76 3.0E+7;
   0.0089859517845141453 0.020531247533619068 0.76 3.0E+7;
   0.0082910809978642367 0.10027436857219452 0.76 3.0E+7;
   0.0081528876175042189 0.252149478703665 0.76 3.0E+7;
   0.00826955624986634 0.40530507823782924 0.76 3.0E+7;
   0.00866557809158306 0.55493430212762784 0.76 3.0E+7;
   0.0091259567483603279 0.65889307328099755 0.76 3.0E+7;
   0.0098904855152605851 0.73332901401576367 0.76 3.0E+7;
   0.011927941539207346 0.80700085034436764 0.76 3.0E+7;
   0.015082380480001632 0.86305433242293284 0.76 3.0E+7;
   0.017183935366666445 0.8889480050115629 0.76 3.0E+7;
   0.02130070264582179 0.92106743801393709 0.76 3.0E+7;
   0.027403758179219289 0.9516857101475692 0.76 3.0E+7;
   0.032860475038020823 0.95915026637732093 0.76 3.0E+7];

