% -------------------------------------------------------------------
%  Generated by MATLAB on 28-Jul-2017 17:14:38
%  MATLAB version: 9.1.0.441655 (R2016b)
% -------------------------------------------------------------------
                             

C1x = [0.788483; 2.269108; 4.497677; 5.800925; 6.830663; 8.150016; 9.60541; ...
       11.085027; 12.500513; 13.955444];

C1y = [0.039277; 0.119102; 0.227093; 0.287202; 0.335047; 0.396387; 0.442845; ...
       0.493004; 0.546893; 0.579754];

