% -------------------------------------------------------------------
%  Generated by MATLAB on 28-Jul-2017 17:20:45
%  MATLAB version: 9.1.0.441655 (R2016b)
% -------------------------------------------------------------------
                                 

C1x = [0.788483; 2.269108; 4.497677; 5.800925; 6.830663; 8.150016; 9.60541; ...
       11.085027; 12.500513; 13.955444];

C1y = [0.039277; 0.119102; 0.227093; 0.287202; 0.335047; 0.396387; 0.442845; ...
       0.493004; 0.546893; 0.579754];

C2x = [0.145059; 0.833481; 2.314147; 4.05146; 5.989106; 8.119589; 9.71341; ...
       11.275514; 12.685773; 13.911882];

C2y = [0.997494; 0.928877; 0.766719; 0.608252; 0.442276; 0.299928; 0.1913; ...
       0.103848; 0.046311; 0.004997];

C3x = [0.064262; 1.134403; 2.703323; 4.223833; 5.840973; 7.256534; 8.808781; ...
       10.063071; 11.405765; 12.651609; 13.99383];

C3y = [-0.001256; 0.048027; 0.117005; 0.17856; 0.247525; 0.290521; 0.335958; ...
       0.35793; 0.379879; 0.385744; 0.389105];

